18.9575
18.672501
18.5375
18.5425
18.4275
17.85
18.127501
17.965
17.799999
17.74
17.8575
17.855
17.99
17.9
17.997499
18.165001
18.022499
18.1875
18.049999
18.557501
18.405001
18.555
18.809999
18.905001
19
19.102501
19.18
19.4275
19.2575
19.375
19.077499
19.1175
18.92
18.98
19.342501
19.442499
19.440001
19.692499
19.7225
19.415001
19.530001
19.785
20
19.942499
19.674999
19.852501
19.965
20.0875
19.834999
19.9825
19.977501
19.985001
20.15
20.002501
19.91
19.557501
19.23
19.4
19.6875
19.8225
19.950001
20.264999
19.795
20.174999
19.782499
19.549999
19.955
19.1775
19.1075
18.672501
18.715
18.9825
18.709999
18.719999
18.6075
18.512501
18.747499
18.665001
18.827499
18.342501
18.4725
18.82
21.6425
21.065001
21.9925
22.08
22.049999
22.5375
22.432501
21.975
21.924999
22.184999
21.985001
22.1875
22.0175
22.3025
22.16
22.012501
22.379999
22.27
22.299999
21.9375
21.73
21.385
21.42
20.889999
21.870001
21.247499
20.852501
19.809999
20.690001
19.82
21.129999
20.9575
21.467501
21.4575
20.997499
20.0725
19.9
19.9475
20.942499
21.594999
21.0275
21.4625
21.645
21.9825
21.969999
21.932501
21.387501
21.465
22.120001
21.865
21.5875
21.862499
21.942499
22.395
22.625
22.7125
22.5075
23.209999
22.855
22.075001
22.52
22.57
22.370001
21.907499
21.922501
21.43
21.065001
21.195
21.247499
21.782499
21.5625
22.3125
22.627501
22.7925
23.15
23.48
22.797501
23.477501
22.52
22.8375
23.3575
23.5525
22.67
23.004999
23.6
23.775
23.315001
22.5075
22.875
23.295
23.16
23.24
23.635
23.282499
23.26
23.790001
23.455
23.907499
23.35
22.85
22.702499
22.8025
22.709999
22.3225
22.254999
23.3675
23.225
24.2425
24.440001
24.299999
24.014999
23.842501
24.2675
23.950001
24.297501
24.23
23.977501
24.09
23.955
24.360001
24.645
25.3375
25.18
25.135
25.620001
25.477501
25.18
25.7875
25.3825
25.747499
25.2875
25.477501
25.1775
24.975
24.950001
24.7775
25.334999
25.184999
25.6325
25.945
25.592501
25.145
24.9
25.252501
25.139999
25.215
25.262501
24.969999
25.16
25.627501
26.514999
26.7575
26.84
26.745001
27.0875
28.105
28.475
28.1775
28.809999
28.775
28.450001
28.752501
28.549999
29.09
29.120001
29.385
29.215
29.737499
29.092501
29.295
29.040001
29.059999
28.709999
28.91
29.4925
29.2925
29.1325
29.317499
29.1875
29.25
29.17
29.709999
29.129999
29.1875
29.32
29.695
30.014999
29.952499
29.8375
29.75
29.5
29.745001
30.09
29.745001
30.252501
29.875
29.184999
29.344999
30.254999
30.790001
30.2075
30.52
30.445
30.297501
30.252501
29.525
29.7325
30.4475
30.797501
30.879999
30.745001
30.772499
30.547501
29.102501
29.4475
29.627501
29.535
29.355
29.5425
29.48
29.18
29.1525
29.3825
28.752501
28.16
29.055
29.5975
29.7925
29.942499
29.842501
30.07
29.372499
28.799999
28.0625
28.540001
28.452499
29.084999
29.202499
29.145
29.0875
29.290001
28.725
29.122499
29.6
30.025
30.3375
30.647499
29.870001
31.237499
30.317499
30.790001
30.860001
30.379999
30.907499
31.655001
31.584999
31.752501
31.32
30.9125
30.57
30.184999
30.66
31.022499
31.7875
32.057499
31.955
31.3475
31.4375
31.1175
30.6625
30.549999
31.692499
32.285
32.709999
32.267502
31.865
32.317501
32.744999
32.7575
32.599998
32.787498
32.127499
32.272499
32.080002
32.4725
32.264999
32.419998
32.172501
32.040001
31.879999
32.025002
31.7875
31.665001
31.915001
31.85
32.005001
31.674999
32.0625
32.130001
31.9025
32.375
32.427502
32.169998
32.872501
33.365002
33.744999
33.5625
33.467499
33.415001
33.697498
33.6525
33.75
33.435001
33.639999
33.130001
33.477501
33.57
34.182499
34
34.630001
34.9175
35.064999
34.677502
34.185001
34.355
34.762501
34.779999
34.9725
35.290001
35.639999
35.470001
34.9925
34.75
34.16
34.122501
34.387501
34.577499
34.689999
35.970001
35.849998
35.375
35.965
35.639999
35.514999
35.732498
35.810001
35.612499
34.987499
35
35.677502
36.412498
36.584999
36.665001
37.029999
36.8125
36.695
36.822498
37.044998
37.427502
37.16
36.897499
37.014999
37.1175
37.137501
37.165001
37.224998
36.970001
36.799999
36.705002
37.282501
37.68
37.290001
38.115002
37.692501
37.794998
37.439999
37.349998
37.162498
37.895
38.845001
38.875
39.192501
39.4725
39.84
40.447498
40.127499
40.290001
40.162498
40.112499
40.049999
39.970001
39.567501
39.762501
39.762501
39.889999
39.959999
39.087502
39.165001
38.752499
39.477501
39.639999
39.162498
39.8825
40.205002
39.264999
39.450001
39.0825
39.200001
38.692501
38.994999
39.497501
39.4025
38.855
39.360001
39.857498
38.9725
39.4575
39.967499
39.66
39.52
39.875
40.072498
40.264999
40.127499
40.1675
40.294998
39.950001
39.842499
40.165001
39.637501
39.517502
39
39.8325
39.450001
40.022499
41
41.865002
42.165001
42.459999
41.837502
41.987499
41.1875
41.619999
41.290001
41.572498
41.1875
41.747501
41.904999
41.4375
40.322498
41.177502
40.557499
40.352501
40.990002
40.8825
41.415001
41.764999
42.189999
41.807499
41.974998
42.115002
41.505001
43.849998
44.884998
44.7225
44.947498
44.814999
44.645
44.6875
44.732498
45.080002
45.439999
44.950001
46.142502
45.4025
45.387501
45.035
44.525002
45.112499
45.0075
44.535
45.2575
44.535
45.047501
45.049999
44.305
44.837502
44.985001
45.5825
44.915001
44.787498
45.5625
45.232498
45.587502
46.002499
45.657501
44.615002
44.875
44.567501
45.1175
45.662498
46.064999
45.6875
46.305
46.310001
46.759998
47.697498
47.025002
46.799999
46.674999
47.490002
47.68
47.5625
47.345001
47.41
47.752499
47.48
47.805
47.145
46.6875
48.6525
48.299999
47.9925
47.860001
44.252499
44.7925
46
46.134998
45.7225
45.3475
45.195
44.952499
44.939999
44.807499
44.587502
43.482498
43.282501
43.744999
43.305
44.5975
44.73
44.775002
43.75
43.5425
43.802502
43.842499
43.605
44.255001
44.047501
44.052502
44.1675
44.637501
46.147499
46.577499
46.264999
47.25
47.345001
47.900002
48.412498
48.677502
49.7075
49.060001
48.334999
47.889999
48.389999
48.262501
47.775002
48.305
47.955002
47.162498
47.619999
46.5825
45.6325
45.962502
47.2575
48.049999
48.360001
47.842499
48.907501
49.57
50.112499
50.009998
49.994999
49.7225
50.727501
50.764999
50.77
51.060001
50.955002
49.1675
49.790001
49.105
49.342499
49.755001
49.025002
49.572498
49.817501
49.567501
49.945
50.037498
50.5
49.974998
49.3475
49.529999
50.4025
50.529999
50.482498
50.880001
50.997501
50.865002
51.282501
50.4375
50.685001
50.427502
50.467499
50.397499
49.857498
51.415001
50.860001
51.84
51.9375
53.3125
53.837502
54.02
53.9925
54.5075
54.682499
55.049999
54.9175
55.227501
55.669998
55.252499
55.290001
54.9575
55.377499
55.555
55.477501
55.282501
54.724998
55.662498
55.939999
55.442501
58.044998
57.982498
58.247501
57.0625
55.3125
54.055
55.240002
54.279999
55.220001
53.857498
53.3675
53.634998
53.9025
54.752499
55.445
55.137501
55.5825
56.0425
56.012501
56.5
56.514999
55.970001
55.865002
55.84
56.547501
56.7775
56.5275
56.57
56.485001
55.360001
56.375
55.702499
55.965
56.389999
56.375
56.794998
56.525002
55.195
55.192501
55.945
56.602501
55.955002
55.455002
55.842499
55.1875
54.599998
53.919998
53.942501
53.022499
53.965
53.674999
53.665001
53.752499
51.924999
50.852501
50.647499
51.884998
50.387501
49.157501
50.252499
51.012501
52.34
51.987499
52.282501
52.4925
52.205002
52.349998
49.732498
50.355
50.6675
50.6525
51.522499
51.105
51.782501
51.34
52.174999
52.724998
52.702499
52.924999
53.014999
52.465
51.862499
52.452499
52.59
51.98
52.525002
52.342499
53.017502
53.625
53.450001
53.6675
53.7075
53.380001
52.830002
52.857498
53.055
53.25
53.145
53.5625
53.169998
52.942501
52.822498
52.560001
52.702499
52.8125
52.580002
52.372501
52.3675
51.947498
52.264999
52.240002
52.32
52.677502
53.5625
53.709999
54.127499
54.185001
53.814999
54.040001
53.884998
54.25
55.2575
55.445
55.6675
54.470001
55.049999
54.805
55.314999
55.299999
55.685001
53.692501
53.555
53.375
53.514999
52.752499
52.952499
53.040001
52.634998
52.672501
52.259998
52.615002
52.645
52.575001
52.857498
53.130001
52.547501
53.580002
53.75
54.049999
53.9375
54.022499
54.005001
54.182499
54.282501
53.650002
53.130001
53.682499
53.724998
53.564999
53.552502
53.942501
53.57
54.220001
53.737499
53.509998
53.66
54.325001
53.8825
54.110001
54.0625
53.470001
53.115002
53.602501
52.677502
52.985001
52.732498
53.342499
52.502499
52.43
52.997501
52.947498
52.012501
53.09
51.927502
51.244999
51.07
50.68
50.0625
50.75
51.5
51.962502
53.327499
52.73
53.57
53.369999
53.352501
54.177502
53.665001
59.162498
60.357498
60.384998
60.7425
62.3825
62.522499
63.107498
62.552502
62.432499
62.987499
62.73
62.209999
62.450001
62.432499
62.465
62.9175
63.555
63.654999
64.315002
64.315002
64.547501
64.537498
65.002502
65.400002
65.285004
65.837502
65.775002
66.035004
65.43
65.779999
64.195
64.175003
63.352501
64.769997
66.040001
65.417503
66.052498
66.315002
66.907501
66.654999
66.357498
66.137497
65.550003
66.254997
64.792503
64.375
65.237503
66.112503
65.1325
65.004997
65.195
63.889999
63.282501
63.737499
64.209999
64.32
64.400002
64.572502
64.1325
62.747501
61.59
62
63.727501
63.834999
64.947502
66.222504
67.949997
66.855003
66.364998
66.137497
66.497498
67.727501
67.407501
67.717499
67.279999
67.275002
68.25
68.252502
68.1175
68.252502
68.4375
67.827499
69.572502
68.824997
68.4375
68.532501
67.334999
67.855003
66.300003
66.1875
67.394997
66.2575
67.254997
66.125
66.917503
66.809998
67.410004
67.080002
67.099998
65.730003
65.589996
65.540001
65.660004
65.410004
65.18
65.290001
65.199997
65.800003
66.5
66.440002
66.339996
65.610001
65.529999
65.68
65.650002
64.519997
64.720001
65.349998
68.010002
67.720001
67.480003
67.099998
66.769997
67.339996
66.050003
65.769997
65.580002
65.959999
65.669998
66.580002
69.470001
69.019997
68.690002
68.650002
70
69.57
70
70.160004
69.779999
69.370003
69.620003
68.540001
69.489998
69.559998
68.68
69.110001
69.040001
68.949997
68.209999
68.370003
67.68
67.949997
69.629997
69.639999
69.330002
68.57
69.010002
68.75
69.5
68.690002
69.089996
69.419998
68.860001
68.620003
68.75
66.720001
67.150002
67.849998
68.239998
68.120003
67.769997
66.730003
67.050003
68.419998
69.519997
70.099998
70.019997
70.57
70.879997
72.699997
72.019997
71.970001
71.75
74.800003
73.860001
74.739998
76.010002
76.379997
75.339996
75.769997
75.269997
74.980003
73.580002
74.209999
74.379997
73.360001
73.540001
73.93
74.220001
74.410004
74.470001
74.400002
73.949997
71.190002
68.360001
66.970001
70.690002
72.400002
72.459999
71.300003
68.959999
69.620003
70.400002
69.160004
70.529999
69.599998
70.230003
70.760002
70.010002
70.510002
70.989998
70.959999
69.790001
70.779999
70.25
70.949997
70.239998
70.690002
67.199997
68.529999
69.660004
69.989998
70.669998
72.230003
72.080002
73.220001
73.900002
73.980003
74.989998
75
74.199997
75.339996
76
76.989998
76.279999
75.459999
76.419998
77.07
78.18
77.519997
78.870003
78.510002
77.580002
75.220001
77.900002
78.349998
79.260002
78.75
78.040001
79.480003
79.18
78.309998
78.110001
78.900002
78.830002
80.459999
80.150002
80.190002
80.110001
79.790001
79.559998
79.839996
79.010002
79.910004
79.040001
78.290001
80.400002
79.550003
79.07
77.879997
78.120003
76.110001
76.870003
78.620003
79.860001
78.690002
76.32
77.169998
77.379997
78.559998
78.260002
78.529999
79.209999
78.349998
77.550003
75.699997
76.269997
75.269997
73.790001
72.879997
73.919998
74.760002
73.099998
73.800003
71.830002
71.389999
70.68
71.559998
72.699997
71.739998
71.879997
70.910004
69.330002
74.489998
74.379997
73.400002
74.379997
73.68
71.540001
67.769997
68.330002
70.150002
68.470001
70.419998
71.099998
72.029999
71.239998
71.529999
73.059998
72.150002
71.849998
73.269997
72.730003
72.389999
74.639999
74.300003
73.910004
73.900002
71.940002
70.620003
70.68
70.220001
71.629997
71.489998
71.910004
72.370003
73.139999
73.779999
73.769997
72.959999
73.910004
74.139999
74.080002
75.379997
76.779999
76.480003
77.589996
77.830002
76.970001
78.209999
77.580002
78.029999
77.82
78.519997
79.709999
80.330002
80.080002
81.449997
80.75
81.150002
80.790001
79.110001
78.139999
78.529999
78.760002
77.68
77.239998
78.459999
77.190002
77.07
77.360001
77.720001
78.220001
79.199997
77.300003
77.889999
76.830002
77.800003
76.790001
77.43
76.879997
77.669998
77.209999
79.379997
79.059998
79
79.660004
78.940002
79.220001
79.949997
79.940002
80.540001
80.599998
81.650002
81.260002
80.18
78.400002
78.57
78.169998
78.349998
76.989998
77.339996
77.330002
76.529999
78.230003
75.050003
73.339996
75.160004
76.739998
74.169998
74.480003
74.669998
74.059998
74.510002
76.419998
76.519997
77.480003
77.459999
78.139999
78.300003
78.309998
78.720001
79.360001
78.790001
79.910004
78.940002
78.489998
78.529999
79.190002
78.050003
78.260002
78.279999
78.709999
79.480003
80.139999
79.949997
80.059998
79.68
80.120003
80.019997
80.910004
80.809998
80.839996
80.269997
80.470001
81.059998
80.800003
80.290001
80.32
80.57
80.870003
81.169998
80.900002
81.300003
82
82.529999
83.239998
82.970001
81.330002
82.970001
81.889999
81.489998
82.010002
82.07
82.510002
82.480003
83.220001
83.360001
82.540001
81.809998
82.160004
82.970001
81.919998
82.699997
82.860001
82.730003
83.349998
83.360001
82.879997
83.120003
82.040001
82.25
81.870003
82.449997
82.150002
81.580002
82.809998
82.5
82.349998
83.169998
82.029999
81.75
81.919998
82.220001
82.510002
81.620003
80.580002
80.650002
80.360001
82.510002
82.879997
83.239998
81.870003
81.879997
78.379997
78.57
80.080002
81.07
80.82
81.690002
79.93
79.57
80.129997
79.080002
79.150002
77.32
75.43
75.720001
77.309998
77.110001
79.309998
79.279999
79.139999
78.5
79.199997
79.129997
79.5
78.349998
78.099998
78.360001
78.139999
77.900002
78.150002
78.349998
78.300003
78.330002
78.019997
79.5
80.150002
81.089996
82.209999
81.75
81.309998
81.800003
81.370003
81.169998
81.260002
81.589996
81.730003
81.839996
82.150002
83.230003
83.900002
83.239998
83.769997
83.699997
82.709999
82.440002
82.300003
86.080002
85.830002
85.779999
85.089996
85.580002
85.900002
86.440002
86.849998
87.540001
87.410004
87.459999
87.919998
87.800003
88.18
88.43
88
87.940002
88.989998
88.529999
88.790001
88.940002
89.059998
88.959999
89.110001
89.730003
90.110001
89.550003
89.919998
90.040001
90.239998
89.18
88.059998
88.519997
88.860001
89.190002
88.949997
89.120003
89.18
89.010002
88.870003
89.360001
88.779999
89.029999
89.089996
88.739998
88.860001
88.849998
88.68
88.870003
89.809998
89.730003
89.75
91.150002
91.150002
91.849998
92.110001
91.82
91.599998
91.220001
91.260002
92.540001
92.440002
92.620003
92.089996
91.919998
92
92.25
92.099998
92.730003
93.230003
93.150002
91.760002
91.709999
92.480003
93.309998
93.860001
94.809998
95.040001
94.669998
94.720001
95.230003
95.400002
96.150002
96.550003
95.790001
96.089996
96.089996
94.559998
93.5
95.080002
95.32
94.169998
94.169998
94.790001
94.379997
94.540001
93.949997
95.580002
95.220001
94.900002
96.230003
94.419998
93.779999
93.349998
94.010002
93.25
93.919998
95.089996
95.410004
96.18
95.940002
96.93
96.830002
97.580002
98.25
98.110001
99.599998
100.370003
99.989998
100.849998
99.57
99.150002
99.559998
100.870003
101.279999
100.589996
100.889999
101.489998
101.279999
100.970001
99.489998
100.089996
101.870003
102.629997
103.32
102.160004
102.510002
103.220001
104.07
103.18
103.220001
103.349998
103.779999
103.769997
103.730003
103.519997
103.900002
103.010002
103.18
104.559998
104.43
106.150002
106.209999
105.830002
106.080002
105.300003
104.830002
105.410004
104.970001
105.309998
105.559998
103.019997
102.940002
103.889999
104.580002
105.239998
105.440002
105.589996
105.309998
106.239998
106.730003
107.010002
107.309998
108.440002
108.110001
108.660004
108.300003
107.540001
107.800003
107.019997
107.550003
107.529999
108.410004
109.489998
109.800003
109.709999
110.040001
109.980003
111.07
110.980003
111.360001
111.919998
112.089996
112.470001
112.139999
111.879997
111.400002
111.980003
110.25
111.019997
109.82
109.949997
111.449997
110.82
111.970001
112.379997
113.360001
109.860001
112.589996
110.730003
107.43
108.580002
109.739998
111.400002
112.599998
112.370003
113.459999
113.309998
112.919998
113.82
113.550003
112.139999
112.120003
112.410004
112.690002
112.989998
114.019997
114.349998
114.019997
114.510002
115.650002
116.080002
118.860001
119.339996
119.110001
118.980003
119.839996
120.089996
120.389999
121.980003
123.110001
122.699997
124.330002
124.650002
124.550003
125.220001
126.32
124.839996
123.550003
124.230003
125.720001
120.910004
116.269997
119.970001
119.650002
113.860001
116.32
118.470001
118.349998
120.830002
122.279999
121.849998
122.010002
120.43
120.379997
122.93
124.589996
123.370003
122.940002
120.400002
120.769997
121.879997
121.059998
121.849998
122.220001
124.510002
124.239998
123.199997
122.580002
123.410004
124.529999
123.209999
124.910004
123.220001
119.989998
117
120.639999
117.400002
116.989998
119.620003
118.389999
119.199997
119.809998
121.190002
117.699997
118.790001
120.720001
119.779999
121.07
120.75
121.879997
123.800003
124.480003
123.959999
124.199997
124.459999
121.269997
121.209999
127.080002
126.010002
126.879997
127.510002
126.379997
127.18
128.160004
129.259995
129.899994
130.839996
131
131.820007
131.210007
131.100006
130.889999
129.929993
129.929993
130.660004
130.710007
131.880005
131.889999
131.279999
129.690002
130.639999
130.720001
130.850006
133.070007
133.559998
136.279999
133.839996
134.740005
133.910004
134.860001
134.399994
135
135.100006
136.199997
135.110001
135.5
134.529999
135.330002
130.929993
132.550003
131.020004
132.740005
132.449997
132.5
131.449997
133.289993
134.089996
135.520004
136.690002
138.149994
139.899994
139.419998
138.460007
139.639999
140.899994
140.130005
140.990005
140.029999
140.029999
142.639999
142.5
140.710007
136.479996
136.740005
138.25
138.919998
139.820007
139.710007
140.279999
140.679993
140.009995
139.729996
140.210007
140.759995
139.919998
140.649994
141.330002
140.940002
140.039993
141.139999
142.100006
144.199997
145.399994
145.199997
147.029999
146.740005
146.889999
147.800003
142.669998
144.5
143.199997
144.080002
145.490005
146.570007
147.630005
147.839996
146.179993
147.630005
147.419998
149.240005
150.050003
149.110001
149.580002
149.270004
150.020004
150.089996
150.789993
149.669998
149.369995
146.759995
145.360001
141.889999
142.309998
135.520004
133.729996
140.059998
137.229996
141.740005
142.449997
139.289993
140.080002
140.639999
139.119995
134.259995
140.520004
137.740005
134.330002
132.759995
137.850006
140.830002
139.779999
139.800003
140.789993
144.779999
145.229996
143.929993
139.720001
139.720001
139.490005
141.839996
140.179993
134.759995
133.369995
134.419998
132.869995
135.940002
135.910004
141.380005
139.100006
141.710007
145
138.639999
141.050003
137.110001
137.880005
136.809998
137.800003
137.539993
135.089996
131.399994
132.660004
131.259995
128.759995
124.260002
121.730003
130.229996
132.009995
130.940002
131.940002
132.919998
128.130005
133.649994
136.059998
136.800003
138.410004
138.669998
138.059998
137.100006
137.339996
137.339996
137.279999
138.5
138.050003
137.009995
137.699997
138.669998
135.990005
135
137.600006
135.009995
140.149994
141.5
142.529999
141.490005
140.169998
140.380005
140.800003
141.990005
143.490005
143.160004
144.910004
144.440002
144.729996
144
145.869995
146.059998
147.039993
147.220001
148.119995
149.470001
147.960007
147.949997
147.809998
146.830002
147.350006
150.669998
151.729996
152.470001
154.199997
155.460007
154.960007
154.589996
153.75
155.800003
153.070007
153.029999
155.300003
154.220001
154.669998
156.190002
157.259995
157.779999
158.460007
157.639999
157.649994
157.75
157.490005
158.559998
157.860001
159.639999
160.440002
160.229996
160.440002
160.160004
160.399994
161.660004
161.490005
161.020004
162.929993
164.149994
164.429993
162.789993
161.119995
162.039993
162.279999
160.210007
160.759995
159.809998
160.710007
157.330002
160.210007
162.789993
164.869995
164.089996
163.470001
163.860001
164.240005
161.509995
162.639999
163.710007
162.729996
162.759995
161.330002
158.600006
162.330002
165.389999
166.919998
170.050003
170.820007
170.309998
171.589996
169.350006
169.660004
169.559998
169.279999
170.690002
173.740005
173.440002
173.850006
171.279999
171.059998
171.229996
173.550003
173.940002
175.279999
176.869995
176.660004
176.190002
177.729996
179.309998
180.740005
180.330002
180.570007
179.309998
179.149994
180.529999
179.240005
180.570007
180.899994
183.330002
181.589996
183.690002
183.210007
181.529999
178
179.169998
177.419998
168.860001
172.479996
175.320007
179.899994
179.050003
176.339996
178.610001
173.509995
176.270004
178.229996
179.740005
179.240005
180.940002
180.089996
175.229996
177.589996
178.380005
178.669998
181.169998
180.820007
179.199997
181.770004
184.729996
185.740005
181.550003
176.350006
174.979996
177.979996
177.270004
176.110001
176.449997
175.289993
175.960007
174.059998
174.910004
174.479996
175.279999
175.649994
174
172.009995
174.289993
169.830002
172.869995
175.979996
174.899994
172.419998
174.880005
174.880005
177.059998
177.360001
178.75
177.869995
177.940002
175.710007
176.429993
170.860001
171.320007
176.160004
177.850006
179.839996
177.630005
179.25
178.860001
180.929993
178.949997
176.369995
176.770004
178.429993
178.970001
179.539993
179.740005
179.410004
179.75
179.770004
179.660004
182.770004
181.660004
179.889999
179.470001
180.970001
182.550003
184.369995
184.509995
181.789993
181.899994
180.600006
181.889999
182.169998
182.919998
182.259995
182.009995
182.639999
185.139999
186.240005
185.520004
184.899994
186.539993
188
187.080002
187.570007
189.160004
189.389999
187.830002
187.899994
191.119995
189.600006
189.190002
188.690002
191.919998
193.25
193.770004
195.330002
196.050003
199.800003
200.949997
204.699997
207.289993
207.899994
206.520004
205
201.690002
202.850006
204.860001
208.210007
198.970001
200.809998
203.559998
202.809998
203.039993
202.740005
205.990005
203.940002
207.440002
207.399994
210.289993
211.199997
213.309998
211.449997
208.809998
198.789993
188.399994
187.210007
180.009995
181.759995
192.330002
185.729996
194.289993
186.960007
184.360001
171.130005
182.600006
172.949997
160.080002
175.830002
152.009995
157.889999
148.479996
152.25
146.830002
135.740005
154.529999
161.779999
168.880005
161.559998
165.570007
161.119995
153.110001
157.389999
151.850006
169.440002
168.589996
174.940002
173.690002
168.990005
174.619995
165.960007
162.419998
169.539993
164.220001
160.529999
166.589996
166.380005
167.320007
171.759995
171.25
181.789993
178.720001
175.570007
176.149994
178.440002
178.779999
182.720001
185.089996
183.559998
179.470001
177.089996
180.899994
183.490005
191.380005
189.360001
193.860001
190.619995
190.860001
193.220001
192.820007
194.259995
195.240005
194.350006
196.360001
196.869995
193.639999
199.610001
199.600006
199.080002
200.479996
188.880005
192.259995
191.759995
192.880005
193.559998
193.910004
192.199997
194.960007
197.970001
191.410004
193.979996
189.270004
191.380005
193.169998
193.779999
195.669998
197.759995
194.199997
195.070007
192.210007
192.550003
189.020004
193.330002
196.550003
193.5
195.089996
198.470001
196.479996
198.860001
197.429993
195.149994
196.910004
196.740005
198.580002
194.059998
190.399994
190.690002
192.289993
196.100006
198.770004
196.360001
196.789993
197.770004
198.740005
197.580002
196.639999
199.429993
199.009995
200.990005
204.149994
204.130005
206.410004
208.100006
210.259995
211.029999
215.710007
211.990005
213.350006
216.479996
208.960007
204.660004
200.119995
204.059998
201.539993
200.679993
204.979996
205.389999
205.130005
205.270004
202.610001
197.449997
200.559998
195.369995
195.520004
197.25
200.320007
199.440002
199.970001
203.350006
201.460007
203.539993
200.449997
202.470001
202.979996
206.639999
206.399994
204.320007
202.199997
199.550003
200.259995
196.970001
197.699997
198.429993
197.990005
198.009995
193.070007
190.059998
180.869995
184.869995
181.710007
184.740005
188.339996
193.970001
197.639999
198.470001
212.679993
213.309998
212.699997
208.259995
210.479996
212.699997
210.710007
207.830002
207.570007
203.880005
208.160004
209.679993
210.889999
211
210.350006
211.199997
210.179993
208.050003
212.679993
212.649994
212.770004
209.580002
207.610001
206.240005
207.25
208.360001
208.270004
211.179993
211.309998
209.009995
205.839996
205.300003
208.699997
212.630005
214.369995
218.360001
218.729996
217.759995
214.509995
212.619995
213.809998
215.449997
212.889999
208.860001
209.350006
201.860001
201.589996
201.660004
206.009995
205.139999
202.020004
200.979996
202.009995
194.970001
198.220001
193.25
198.360001
202.610001
201.360001
209.25
208.770004
206.889999
206.520004
206.440002
210.660004
209.960007
207.899994
207.509995
209.350006
204.729996
208.320007
212.110001
219.429993
213.75
212.389999
216.630005
215.770004